0.          839.027
378.929     839.027
527.027     839.391
644.819     818.977
800.534     801.720
946.479     780.810
1019.88     762.987
1083.88     745.194
1216.92     712.865
1353.95     673.566
1396.11     648.882
1487.40     622.001
1611.62     595.429
1701.41     553.820
1694.81     535.015
1604.19     498.871
1684.48     479.390
1747.00     470.195
1882.07     457.912
2024.64     450.109
2138.81     440.346
2298.20     436.173
2439.54     439.423
2580.96     443.490
2723.94     439.777
2860.05     437.723
2978.02     442.271
3287.52     435.183
3425.97     433.121
3561.79     428.202
3828.46     415.925
3978.04     407.691
4259.27     399.870
4537.98     390.421
4956.27     389.955
5097.15     388.704
5514.40     378.011
5995.96     375.715
6000. 0.
