9.8857142857e-12 2.86834116751 
1.08742857143e-10 2.87673487102 
2.076e-10 2.59500614187 
3.06457142857e-10 2.23079515919 
4.05314285715e-10 1.93496472127 
5.0417142857e-10 1.68820970457 
6.0302857143e-10 1.50378024493 
7.01885714285e-10 1.22551561904 
8.00742857144e-10 1.02670161959 
8.996e-10 0.892010858941 
9.98457142856e-10 0.745246716008 
1.09731428571e-09 0.598680471158 
1.19617142857e-09 0.428418036066 
1.29502857143e-09 0.35541780348 
1.39388571429e-09 0.28669706786 
1.49274285714e-09 0.219971841118 
1.5916e-09 0.125217279061 
1.69045714286e-09 0.0595381251865 
1.78931428571e-09 0.0390786014667 
1.88817142857e-09 -0.0 
1.98702857143e-09 0.0814159488113 
2.08588571429e-09 0.133735823214 
2.18474285714e-09 0.075790254448 
2.2836e-09 0.0373065117268 
2.38245714286e-09 0.130159112147 
2.48131428571e-09 0.23563046385 
2.58017142857e-09 0.311523528871 
2.67902857143e-09 0.328146216172 
2.77788571429e-09 0.36420529931 
2.87674285714e-09 0.508331025912 
2.9756e-09 0.632935234319 
3.07445714286e-09 0.742444679404 
3.17331428571e-09 0.811477618875 
3.27217142857e-09 0.976657838989 
3.37102857143e-09 1.14755416267 
3.4698857143e-09 1.11355708359 
3.56874285715e-09 1.26088294247 
3.6676e-09 1.55818747595 
3.76645714285e-09 1.6198974552 
3.8653142857e-09 1.83048983399 
3.96417142856e-09 2.06589510164 
4.06302857144e-09 2.17175956739 
4.1618857143e-09 2.35478422174 
4.26074285715e-09 2.50108785116 
4.3596e-09 2.62444636947 
4.45845714285e-09 2.95503520873 
4.5573142857e-09 3.16864269617 
4.65617142856e-09 3.24154079165 
4.75502857144e-09 3.50386434829 
4.8538857143e-09 3.58532271352 
4.95274285715e-09 3.82451736451 
5.0516e-09 4.24654599343 
5.15045714285e-09 4.48399669839 
5.2493142857e-09 4.46109798486 
5.34817142856e-09 4.84645918337 
5.44702857144e-09 5.04567043384 
5.5458857143e-09 5.0804820794 
5.64474285715e-09 5.61249212013 
5.7436e-09 5.69515750295 
5.84245714285e-09 5.89836597886 
5.9413142857e-09 6.38751852104 
6.04017142856e-09 6.61681499509 
6.13902857144e-09 6.72906164351 
6.2378857143e-09 6.90206891096 
6.33674285715e-09 6.99346591413 
6.4356e-09 7.43656745728 
6.53445714285e-09 7.85062232143 
6.6333142857e-09 7.84085826623 
6.73217142856e-09 8.22245616055 
6.83102857144e-09 8.6068427711 
6.9298857143e-09 8.65016576431 
7.02874285715e-09 9.26649815855 
7.1276e-09 9.16324942774 
7.22645714285e-09 9.42492862966 
7.3253142857e-09 10.0708167985 
7.42417142856e-09 9.87300865073 
7.52302857144e-09 10.4157553195 
7.6218857143e-09 10.6301475645 
7.72074285715e-09 10.9981823393 
7.8196e-09 11.3694946016 
9.8956e-09 19.8342722442 
1.08841714286e-08 24.2450973037 
1.18727428571e-08 28.8577637263 
1.28613142857e-08 33.6486171829 
1.38498857143e-08 38.5983358222 
1.48384571429e-08 43.6908993095 
1.58270285714e-08 48.9128518609 
1.68156e-08 54.2527632391 
1.78041714286e-08 59.7008265913 
1.87927428571e-08 65.2485530731 
1.97813142857e-08 70.8885363274 
2.07698857143e-08 76.614268294 
2.17584571429e-08 82.4199933489 
2.27470285714e-08 88.3005914847 
2.37356e-08 94.2514837818 
2.47241714286e-08 100.268555199 
2.57127428571e-08 106.34809096 
2.67013142857e-08 112.48672374 
2.76898857143e-08 118.681389473 
2.86784571429e-08 124.929290151 
